Register A: 32916674
Register B: 0
Register C: 0

Program: 2,4,1,1,7,5,0,3,1,4,4,0,5,5,3,0


3,0									46					101 110
5,5,3,0								2944				101 110 000 000
4,0,5,5,3,0							188459				101 110 000 000 101 011
1,4,4,0,5,5,3,0						12061399			101 110 000 000 101 011 010 111
0,3,1,4,4,0,5,5,3,0					771929582			101 110 000 000 101 011 010 111 101 110
7,5,0,3,1,4,4,0,5,5,3,0				49403493250			101 110 000 000 101 011 010 111 101 110 000 010
1,1,7,5,0,3,1,4,4,0,5,5,3,0			3161823568040		101 110 000 000 101 011 010 111 101 110 000 010 101 000
2,4,1,1,7,5,0,3,1,4,4,0,5,5,3,0		202356708354602     101 110 000 000 101 011 010 111 101 110 000 010 101 000 000 000
